%YAML:1.0
---
camera_matrix: !!opencv-matrix
   rows: 3
   cols: 3
   dt: d
   data: [ 6.7916828946375572e+03, 0., 1.5676478176894196e+02, 0.,
       1.9578441735463846e+04, 1.5926966137350576e+02, 0., 0., 1. ]
dist_matrix: !!opencv-matrix
   rows: 1
   cols: 5
   dt: d
   data: [ -1.1543636519626222e+02, -1.6547224556931589e-01,
       -3.3481214504706525e-01, -6.3763938955202659e-01,
       -3.0892190898875099e-05 ]
